[3,-2,0]
-1,-1,0,0|||/forest_test.tscn
[3,-1,0]
-1,0,1,-1|||/forest_test.tscn
[4,-1,0]
0,0,-1,-1|,2ce100,,,||/forest_test.tscn
[5,-2,0]
-1,-1,1,0|||/forest_test2.tscn
[5,-1,0]
-1,0,0,-1|,,,2ce100,||/forest_test2.tscn
[6,-2,0]
1,-1,-1,0|||/forest_test2.tscn
[6,-1,0]
0,0,-1,-1|||/forest_test2.tscn
[2,-1,0]
1,0,0,0|||/small_room.tscn
[4,-2,0]
1,-1,-1,0|||/forest_test.tscn
[7,-3,0]
-1,-1,0,0|004abc,,,,||/large_open_room.tscn
[7,-2,0]
-1,-1,1,-1|004abc,,,,||/large_open_room.tscn
[7,-1,0]
-1,0,0,-1|004abc,,,,||/large_open_room.tscn
[8,-3,0]
-1,-1,-1,0|004abc,,,,||/large_open_room.tscn
[8,-2,0]
-1,-1,-1,-1|004abc,,,,||/large_open_room.tscn
[8,-1,0]
-1,0,-1,-1|004abc,,,,||/large_open_room.tscn
[9,-3,0]
0,-1,-1,0|004abc,,,,||/large_open_room.tscn
[9,-2,0]
0,-1,-1,-1|004abc,,,,||/large_open_room.tscn
[9,-1,0]
0,0,-1,-1|004abc,,,,||/large_open_room.tscn
[2,-7,0]
-1,0,-1,-1|||/starter_room.tscn
[3,-7,0]
1,0,-1,-1|||/starter_room.tscn
[2,-6,0]
-1,0,0,0|||
[3,-6,0]
1,0,-1,0||0|
[4,-7,0]
-1,-1,1,0|||
[4,-6,0]
-1,0,1,-1|||
[5,-7,0]
0,-1,-1,0|||
[5,-6,0]
1,0,-1,-1|||
[8,-9,0]
-1,-1,0,-1|||
[8,-8,0]
-1,0,1,-1|||
[9,-9,0]
-1,-1,-1,-1|||
[9,-8,0]
-1,0,-1,-1|||
[6,-9,0]
-1,-1,0,0|||
[6,-8,0]
-1,-1,0,-1|||
[6,-7,0]
-1,-1,0,-1|||
[6,-6,0]
-1,0,1,-1|||
[7,-9,0]
0,-1,-1,0|||
[7,-8,0]
1,-1,-1,-1|||
[7,-7,0]
0,-1,-1,-1|||
[7,-6,0]
0,0,-1,-1|||
[10,-9,0]
0,-1,-1,-1|||
[10,-8,0]
0,0,-1,-1|,8bc659,,,|0|
[8,-11,0]
-1,-1,0,0|||
[8,-10,0]
-1,-1,0,-1|||
[9,-11,0]
-1,-1,-1,1|||
[9,-10,0]
-1,-1,-1,-1|||
[10,-11,0]
0,-1,-1,1|||
[10,-10,0]
0,-1,-1,-1|||
[8,-14,0]
-1,-1,0,-1|||
[8,-13,0]
-1,-1,0,-1|||
[8,-12,0]
-1,0,0,-1|||
[9,-14,0]
0,-1,-1,-1|||
[9,-13,0]
0,-1,-1,-1|||
[9,-12,0]
0,1,-1,-1|||
[10,-14,0]
-1,-1,0,0|||
[10,-13,0]
-1,-1,0,-1|||
[10,-12,0]
-1,1,0,-1|||
[11,-14,0]
-1,-1,-1,0|||
[11,-13,0]
-1,-1,-1,-1|||
[11,-12,0]
-1,0,-1,-1|||
[12,-14,0]
0,-1,-1,1|||
[12,-13,0]
1,-1,-1,-1||1|
[12,-12,0]
0,1,-1,-1|||
[12,-11,0]
-1,-1,-1,1|||
[12,-9,0]
-1,-1,-1,0|||
[12,-8,0]
-1,0,-1,-1|,,,aad565,||
[13,-11,0]
-1,-1,-1,0|||
[13,-8,0]
-1,0,-1,-1||2|
[14,-11,0]
0,-1,-1,0|||
[14,-9,0]
0,-1,-1,0|||
[14,-8,0]
0,0,-1,-1|||
[14,-10,0]
1,0,-1,-1||0|
[13,-10,0]
-1,0,-1,-1|||
[13,-9,0]
-1,-1,-1,0|||
[11,-11,0]
-1,-1,0,0|||
[11,-10,0]
-1,-1,0,-1|||
[11,-9,0]
-1,-1,0,-1|||
[11,-8,0]
-1,0,0,-1|,,,8bc659,||
[12,-10,0]
-1,0,-1,-1|||
[15,-11,0]
-1,-1,0,0|e69d20,,,,||
[15,-10,0]
-1,0,1,-1|e69d20,,,,||
[16,-11,0]
-1,-1,-1,0|e69d20,,,,||
[16,-10,0]
-1,0,-1,-1|e69d20,,,,||
[17,-11,0]
-1,-1,-1,0|e69d20,,,,||
[17,-10,0]
-1,0,-1,-1|e69d20,,,,||
[18,-11,0]
0,-1,-1,0|e69d20,,,,||
[18,-10,0]
1,0,-1,-1|e69d20,,,,||
[12,-19,0]
0,-1,-1,0|3092d3,,,,||
[12,-18,0]
0,-1,-1,-1|3092d3,,,,||
[12,-17,0]
0,-1,-1,-1|3092d3,,,,||
[12,-16,0]
0,-1,-1,-1|3092d3,,,,||
[12,-15,0]
0,1,-1,-1|3092d3,,,,||
[11,-22,0]
-1,-1,1,0|3092d3,,,,||
[11,-21,0]
-1,-1,0,-1|3092d3,,,,||
[11,-20,0]
-1,1,0,-1|3092d3,,,,||
[12,-22,0]
-1,-1,-1,0|3092d3,,,,||
[12,-21,0]
-1,-1,-1,-1|3092d3,,,,||
[12,-20,0]
-1,0,-1,-1|3092d3,,,,||
[13,-22,0]
-1,-1,-1,0|3092d3,,,,||
[13,-21,0]
-1,-1,-1,-1|3092d3,,,,||
[13,-20,0]
-1,0,-1,-1|3092d3,,,,||
[8,-15,0]
-1,-1,0,0||2|
[9,-15,0]
0,-1,-1,0|||
[11,-19,0]
-1,-1,0,1|3092d3,,,,||
[11,-18,0]
-1,-1,0,-1|3092d3,,,,||
[11,-17,0]
-1,-1,0,-1|3092d3,,,,||
[11,-16,0]
-1,-1,0,-1|3092d3,,,,||
[11,-15,0]
-1,0,0,-1|3092d3,,,,||
[19,-13,0]
0,-1,1,0||2|
[19,-12,0]
0,-1,0,-1|||
[19,-11,0]
0,-1,0,-1|||
[19,-10,0]
0,0,1,-1|||
[13,-13,0]
-1,-1,1,0|8bc659,,,,||
[13,-12,0]
-1,0,0,-1|8bc659,,,,||
[14,-13,0]
-1,-1,-1,0|8bc659,,,,||
[14,-12,0]
-1,0,-1,-1|8bc659,,,,||
[15,-13,0]
-1,-1,-1,0|8bc659,,,,||
[15,-12,0]
-1,0,-1,-1|8bc659,,,,||
[16,-13,0]
-1,-1,-1,0|8bc659,,,,||
[16,-12,0]
-1,0,-1,-1|8bc659,,,,||
[17,-13,0]
-1,-1,-1,0|8bc659,,,,||
[17,-12,0]
-1,0,-1,-1|8bc659,,,,||
[18,-13,0]
1,-1,-1,0|8bc659,,,,||
[18,-12,0]
0,0,-1,-1|8bc659,,,,||
[14,-22,0]
0,-1,-1,0|3092d3,,,,||
[14,-21,0]
1,-1,-1,-1|3092d3,,,,|0|
[14,-20,0]
0,0,-1,-1|3092d3,,,,||
[9,-22,0]
-1,-1,0,0|3092d3,,,,||
[9,-21,0]
-1,0,0,-1|3092d3,,,,||
[10,-22,0]
1,-1,-1,0|3092d3,,,,||
[10,-21,0]
0,0,-1,-1|3092d3,,,,||
[15,-22,0]
-1,-1,0,-1|e69d20,,,,||
[15,-21,0]
-1,0,1,-1|e69d20,,,,||
[16,-22,0]
-1,-1,-1,-1|e69d20,,,,||
[16,-21,0]
-1,0,-1,-1|e69d20,,,,||
[17,-22,0]
-1,-1,-1,-1|e69d20,,,,||
[17,-21,0]
-1,0,-1,-1|e69d20,,,,||
[18,-22,0]
0,-1,-1,-1|e69d20,,,,||
[18,-21,0]
0,0,-1,-1|e69d20,,,,||
[15,-25,0]
-1,-1,0,0|e69d20,,,,||
[15,-24,0]
-1,-1,0,-1|e69d20,,,,||
[15,-23,0]
-1,-1,0,-1|e69d20,,,,||
[16,-25,0]
-1,-1,-1,0|e69d20,,,,||
[16,-24,0]
-1,-1,-1,-1|e69d20,,,,||
[16,-23,0]
-1,-1,-1,-1|e69d20,,,,||
[17,-25,0]
-1,-1,-1,0|e69d20,,,,||
[17,-24,0]
-1,-1,-1,-1|e69d20,,,,||
[17,-23,0]
-1,-1,-1,-1|e69d20,,,,||
[18,-25,0]
0,-1,-1,0|e69d20,,,,||
[18,-24,0]
0,-1,-1,-1|e69d20,,,,||
[18,-23,0]
0,-1,-1,-1|e69d20,,,,||
[1,-7,0]
-1,0,0,-1|||/starter_room.tscn
[1,-8,0]
-1,-1,0,0|||/starter_room.tscn
[2,-8,0]
-1,-1,-1,0|||/starter_room.tscn
[3,-8,0]
0,-1,-1,0|||/starter_room.tscn
